ERR2929690	28	29	39	45	48	49	50	52	55	57	58	59	63	64	66	71	72	
ERR2929692	23	26	28	35	36	44	46	47	53	60	63	64	66	69	71	72	
SRR2244244	24	34	42	43	46	47	48	49	50	51	53	56	57	58	59	62	63	64	65	66	68	77	78	79	80	83	86	87	89	90	91	93	94	96	98	99	101	102	112	113	115	118	119	121	122	123	125	126	
SRR3465532	7	15	
SRR3465557	19	23	26	27	28	29	30	31	32	33	42	45	46	52	54	57	
SRR4025861	28	29	30	39	47	48	49	50	54	56	57	59	61	64	67	68	69	71	72	73	74	76	78	79	81	83	
SRR4245476	22	28	30	34	36	37	39	42	47	
SRR5146463	25	26	29	33	38	42	45	46	48	52	53	54	56	57	58	60	62	63	64	65	69	71	72	75	79	82	
SRR5167853	26	30	36	46	49	52	54	55	56	57	59	60	61	62	64	65	67	68	69	70	71	72	74	75	76	77	78	80	81	82	83	84	85	86	87	88	91	92	93	96	98	99	100	102	103	104	105	106	108	109	112	114	115	116	117	118	121	
SRR5168236	31	38	39	42	43	45	46	48	56	57	59	62	65	71	72	76	81	82	84	86	87	90	
SRR5168385	27	28	29	32	35	36	40	41	46	51	52	53	58	59	61	62	64	66	68	69	74	75	76	78	79	80	83	84	85	86	87	88	90	93	
SRR5168393	17	25	26	27	30	35	43	44	46	47	50	57	58	60	62	63	64	65	
SRR5168488	24	26	31	37	39	42	45	46	48	49	50	51	52	53	54	55	56	57	58	59	60	61	63	64	65	69	71	72	73	74	75	76	77	78	80	83	84	85	86	88	89	90	91	93	94	95	96	
SRR5714002	38	42	43	46	49	51	53	55	57	58	60	63	64	66	67	69	72	73	74	75	77	80	83	85	
SRR6348595	32	33	34	37	39	43	46	50	51	52	55	56	58	59	60	66	70	72	73	74	75	78	82	84	85	86	90	92	
SRR6514141	36	38	41	45	52	53	55	56	57	58	61	62	63	65	66	67	69	70	73	76	77	78	80	81	82	84	85	88	89	90	97	99	101	102	103	104	105	106	107	108	109	110	111	112	114	115	117	118	119	125	126	128	130	
SRR6514350	25	31	35	36	40	47	51	58	59	60	62	72	74	76	77	78	80	81	82	84	85	86	87	89	91	92	95	96	97	98	100	101	102	103	104	106	107	108	109	112	113	115	120	122	123	124	125	128	130	134	135	136	137	139	140	141	142	145	146	147	149	150	151	152	153	154	155	156	158	160	
SRR6519357	30	32	36	37	43	49	51	53	55	57	62	64	65	66	67	69	70	71	72	73	74	76	77	78	80	81	82	85	86	87	90	91	92	93	94	96	98	99	100	101	103	106	107	108	109	110	111	112	113	114	116	117	118	119	120	121	122	123	124	125	127	128	131	132	133	135	137	138	139	142	
SRR6675860	22	29	36	40	42	43	44	45	46	47	48	50	52	55	59	62	63	64	65	66	68	72	73	75	77	79	80	81	82	
SRR8175017	16	21	25	27	28	
SRR8607449	17	30	32	33	36	48	52	53	54	55	57	59	60	61	62	63	65	67	71	72	73	76	77	78	79	81	82	83	85	86	87	90	91	92	93	94	95	96	97	99	101	102	109	110	111	112	113	116	
SRR8607459	18	31	32	33	41	43	44	45	46	47	49	50	51	53	54	55	56	58	59	61	63	64	65	66	68	69	70	73	76	78	79	81	
SRR8607467	22	24	27	30	37	40	43	46	54	55	56	57	58	61	63	65	66	
SRR8668707	14	22	25	27	29	32	36	37	39	41	
SRR8778550	21	22	25	26	28	33	34	38	39	40	41	43	44	45	46	47	50	51	52	55	58	60	
